psql -U postgres -p 5000 -h 127.0.0.1 -c "SELECT * FROM hatest" > result.txt

     tm     
------------
 1701038973
 1701038974
 1701038975
 1701038976
 1701038977
 1701038978
 1701038979
 1701038980
 1701038981
 1701038982
 1701038984
 1701038985
 1701038986
 1701038987
 1701038988
 1701038989
 1701038990
 1701038991
 1701038992
 1701038994
 1701038995
 1701038996
 1701038997
 1701038998
 1701038999
 1701039000
 1701039001
 1701039002
 1701039003
 1701039005
 1701039006
 1701039007
 1701039008
 1701039028
 1701039029
 1701039030
 1701039032
 1701039033
 1701039034
 1701039035
 1701039036
 1701039037
 1701039038
 1701039039
 1701039040
 1701039041
 1701039042
 1701039043
 1701039045
 1701039046
 1701039047
 1701039048
 1701039049
 1701039050
 1701039051
 1701039052
 1701039053
 1701039054
 1701039055
 1701039056
 1701039058
 1701039059
 1701039060
 1701039061
 1701039062
 1701039063
 1701039064
 1701039065
 1701039066
 1701039067
 1701039068
 1701039070
 1701039071
 1701039072
 1701039073
 1701039074
 1701039075
 1701039076
 1701039077
 1701039078
 1701039079
 1701039080
 1701039081
 1701039082
 1701039084
 1701039085
 1701039086
 1701039087
 1701039088
 1701039089
 1701039090
 1701039091
 1701039189
 1701039190
 1701039191
 1701039192
 1701039193
 1701039194
 1701039195
 1701039196
 1701039198
 1701039199
 1701039200
 1701039201
 1701039202
 1701039203
 1701039204
 1701039205
 1701039206
 1701039207
 1701039208
 1701039210
 1701039211
 1701039212
 1701039213
 1701039214
(116 строк)

